shapes:
  - name: VIFS337
    r: [0.254, -0.08435, 0.052]
    R: [-0.642843, 0.0, 0.765998, 0.765998, 0.0, 0.642843, 0.0, 1.0, 0.0]
  - name: VIFS336
    r: [0.254, -0.08435, 0.052]
    R: [-0.642843, 0.0, 0.765998, 0.765998, 0.0, 0.642843, 0.0, 1.0, 0.0]
  - name: VIFS347
    r: [0.2145, -0.10935, 9.17912e-10]
    R: [-0.642843, 0.0, 0.765998, 0.765998, 0.0, 0.642843, 0.0, 1.0, 0.0]
  - name: VIFS054
    r: [0.25395, -0.085, 0.052]
    R: [0.642761, 0.0, -0.766067, -0.766067, 0.0, -0.642761, 0.0, 1.0, 0.0]
  - name: VIFS053
    r: [0.25395, -0.085, 0.052]
    R: [0.642761, 0.0, -0.766067, -0.766067, 0.0, -0.642761, 0.0, 1.0, 0.0]
  - name: VIFS064
    r: [0.29745, -0.085, 9.17912e-10]
    R: [0.642761, 0.0, -0.766067, -0.766067, 0.0, -0.642761, 0.0, 1.0, 0.0]
  - name: VIFS196
    r: [0.2651, 0.04244, 0.052]
    R: [-0.765867, 0.0, -0.642999, -0.642999, 0.0, 0.765867, 0.0, 1.0, 0.0]
  - name: VIFS195
    r: [0.2651, 0.04244, 0.052]
    R: [-0.765867, 0.0, -0.642999, -0.642999, 0.0, 0.765867, 0.0, 1.0, 0.0]
  - name: VIFS206
    r: [0.2256, 0.06744, 9.17912e-10]
    R: [-0.765867, 0.0, -0.642999, -0.642999, 0.0, 0.765867, 0.0, 1.0, 0.0]
  - name: VIFS196_1
    r: [0.2651, 0.04244, 0.052]
    R: [-0.765867, 0.0, -0.642999, -0.642999, 0.0, 0.765867, 0.0, 1.0, 0.0]
  - name: VIFS195_1
    r: [0.2651, 0.04244, 0.052]
    R: [-0.765867, 0.0, -0.642999, -0.642999, 0.0, 0.765867, 0.0, 1.0, 0.0]
  - name: VIFS206_1
    r: [0.2256, 0.06744, 9.17912e-10]
    R: [-0.765867, 0.0, -0.642999, -0.642999, 0.0, 0.765867, 0.0, 1.0, 0.0]
  - name: VIFS205
    r: [0.0, 0.1069, 0.0]
    R: [1.0, 0.0, 0.0, 0.0, 1.0, 0.0, 0.0, 0.0, 1.0]
  - name: VIFS177
    r: [0.0, 0.1069, 0.0]
    R: [1.0, 0.0, 0.0, 0.0, 1.0, 0.0, 0.0, 0.0, 1.0]
  - name: VIFS033
    r: [0.0, 0.1069, 0.0]
    R: [1.0, 0.0, 0.0, 0.0, 1.0, 0.0, 0.0, 0.0, 1.0]
  - name: VIFS032
    r: [0.0, 0.1069, 0.0]
    R: [1.0, 0.0, 0.0, 0.0, 1.0, 0.0, 0.0, 0.0, 1.0]
  - name: VIFS030
    r: [0.0, 0.1069, 0.0]
    R: [1.0, 0.0, 0.0, 0.0, 1.0, 0.0, 0.0, 0.0, 1.0]
  - name: VIFS029
    r: [0.0, 0.1069, 0.0]
    R: [1.0, 0.0, 0.0, 0.0, 1.0, 0.0, 0.0, 0.0, 1.0]
  - name: VIFS028
    r: [0.0, 0.1069, 0.0]
    R: [1.0, 0.0, 0.0, 0.0, 1.0, 0.0, 0.0, 0.0, 1.0]
  - name: VIFS027
    r: [0.0, 0.1069, 0.0]
    R: [1.0, 0.0, 0.0, 0.0, 1.0, 0.0, 0.0, 0.0, 1.0]
  - name: VIFS026
    r: [0.0, 0.1069, 0.0]
    R: [1.0, 0.0, 0.0, 0.0, 1.0, 0.0, 0.0, 0.0, 1.0]
  - name: VIFS025
    r: [0.0, 0.1069, 0.0]
    R: [1.0, 0.0, 0.0, 0.0, 1.0, 0.0, 0.0, 0.0, 1.0]
  - name: VIFS024
    r: [0.0, 0.1069, 0.0]
    R: [1.0, 0.0, 0.0, 0.0, 1.0, 0.0, 0.0, 0.0, 1.0]
  - name: VIFS023
    r: [0.0, 0.1069, 0.0]
    R: [1.0, 0.0, 0.0, 0.0, 1.0, 0.0, 0.0, 0.0, 1.0]
  - name: VIFS022
    r: [0.0, 0.1069, 0.0]
    R: [1.0, 0.0, 0.0, 0.0, 1.0, 0.0, 0.0, 0.0, 1.0]
  - name: VIFS021
    r: [0.0, 0.1069, 0.0]
    R: [1.0, 0.0, 0.0, 0.0, 1.0, 0.0, 0.0, 0.0, 1.0]
  - name: VIFS020
    r: [0.0, 0.1069, 0.0]
    R: [1.0, 0.0, 0.0, 0.0, 1.0, 0.0, 0.0, 0.0, 1.0]
  - name: VIFS019
    r: [0.0, 0.1069, 0.0]
    R: [1.0, 0.0, 0.0, 0.0, 1.0, 0.0, 0.0, 0.0, 1.0]
  - name: VIFS018
    r: [0.0, 0.1069, 0.0]
    R: [1.0, 0.0, 0.0, 0.0, 1.0, 0.0, 0.0, 0.0, 1.0]
  - name: VIFS017
    r: [0.0, 0.1069, 0.0]
    R: [1.0, 0.0, 0.0, 0.0, 1.0, 0.0, 0.0, 0.0, 1.0]
  - name: VIFS016
    r: [0.0, 0.1069, 0.0]
    R: [1.0, 0.0, 0.0, 0.0, 1.0, 0.0, 0.0, 0.0, 1.0]
  - name: VIFS015
    r: [0.0, 0.1069, 0.0]
    R: [1.0, 0.0, 0.0, 0.0, 1.0, 0.0, 0.0, 0.0, 1.0]
  - name: VIFS014
    r: [0.0, 0.1069, 0.0]
    R: [1.0, 0.0, 0.0, 0.0, 1.0, 0.0, 0.0, 0.0, 1.0]
  - name: VIFS013
    r: [0.0, 0.1069, 0.0]
    R: [1.0, 0.0, 0.0, 0.0, 1.0, 0.0, 0.0, 0.0, 1.0]
  - name: VIFS012
    r: [0.0, 0.1069, 0.0]
    R: [1.0, 0.0, 0.0, 0.0, 1.0, 0.0, 0.0, 0.0, 1.0]
  - name: VIFS011
    r: [0.0, 0.1069, 0.0]
    R: [1.0, 0.0, 0.0, 0.0, 1.0, 0.0, 0.0, 0.0, 1.0]
  - name: VIFS489
    r: [0.0, 0.1069, 0.0]
    R: [1.0, 0.0, 0.0, 0.0, 1.0, 0.0, 0.0, 0.0, 1.0]
  - name: Box001
    r: [0.0, 0.1806, 0.0]
    R: [1.0, 0.0, 0.0, 0.0, 1.0, 0.0, 0.0, 0.0, 1.0]
